3504556000000010363711
1636195000000025911190
0919781000000015021678
1793366000000050228792
1636196000000050146181
2705140000000100702199
1967186000000020194976
1967182000000010074476
1626264000000100031781
1958450000000020396270
0259258000000010503703
0700183000000045360488
1139883000000100722840
1139901000000020194976
78-MMSZ4703-V
1967174000000100839148
0815394000000010895503
0259258000000010754799
1532772000000010896154
0717905000000050764237
1544282000000005146168
0700183000000100455908
0717862000000100298920
1139883000000100732944
1958450000000025877364
1636197000000100273795
1474169000000020941081
0918055000000050985376
117354272260
3877405000000025764238
0768822000000010363714
260580316676
863-MMSZ4697T1G
1139882000000010910118
863-1N5388BG
1139871000000100876698
863-mmsz5245bt1g
0775766000000010895413
000533992705
863-1N5386BRLG
1967187000000020194976
1139900000000020194976
173179933953
1139883000000030173588
1967170000000100839148
0917650000000010146168
1642545000000010363716
78-tzx3v6a
1474201000000100732945
0917649000000005146167
MMSZ18T1GOSCT-ND
MMSZ4702T1GOSCT-ND
MMSZ4700T1GOSCT-ND
MMSZ13T1GOSCT-ND
MMSZ5244BT1GOSCT-ND
MMSZ4701T1GOSCT-ND
MMSZ4703T1GOSCT-ND
MMSZ5241BT1GOSCT-ND
MMSZ5243BT1GOSCT-ND
