0917793000000010247801
833-BAV20W-TP
0717350000000045360490
621-S1K-F
0965654000000025367693
0917793000000025874790
0458603000000100515218
0815937000000100034848
2531281000000010351999
0917793000000010754788
BAS16,235
0717350000000030845994
726-SPP08N80C3
0965654000000010247816
0458940000000010910180
2762791000000040210450
0717350000000010352005
0717350000000100874489
0815937000000100732911
0717799000000050804278
0965654000000010809174
0717350000000020754806
0458926000000050230149
1099071000000025950643
0815937000000050874529
0815937000000010352004
0815367000000050229939
0768357000000025839089
0717351000000060674051
0965654000000010754787
0815937000000120839035
0815937000000010754714
