0762554000000010754714
0762554000000100894775
2345757000000100158018
1530573000000020874489
0825055000000025945408
0825055000000020926729
3104378000000010702254
0725072000000030874536
0762554000000100732911
0825055000000025839081
1530551000000025702249
2053160000000050424917
0762664000000010774966
1530642000000010569752
0825057000000010724561
2345739000000025774934
0725072000000050658987
1530569000000080511115
0825059000000020522148
2345757000000025506286
0285959000000020876699
2254200000000025764228
2053160000000025845993
2254176000000020522150
1530573000000020875578
1530557000000025702258
0762522000000020194862
0825055000000005021670
2254342000000020522149
2636545000000020522147
2053160000000010569750
0762673000000010846847
1993014000000020950656
2254247000000020522149
1091652000000001000000
1091652000000001000000
1091652000000001000000
1091652000000001000000
1091652000000001000000
2636414000000005724563
1680614000000050365312
1091652000000045673842
2053160000000030732953
0762671000000010846670
1530569000000025702258
0762667000000010846670
1200588000000025950655
0762554000000010809137
0825059000000010734026
1200588000000010511136
3306605000000010306699
0762666000000010846742
0762672000000010846846
0762552000000010933477
0762554000000045360487
0725072000000010158003
0725072000000015360494
